# 无 ROS 力矩控制器参数
control_rate_hz: 1000.0
trajectory_duration: 30.0
kp: [450.0, 450.0, 450.0, 450.0, 180.0, 100.0, 40.0]
kd: [35.0, 35.0, 35.0, 35.0, 20.0, 18.0, 10.0]
target_position: [0.0, 0.0, 0.0, -1.57079, 0.0, 1.57079, -0.7853]
